============================================================================================================
EXP-02 观察扫描 —— 逐种子原始结果（每个 (seed, SIGMA) 配对比较 memory 与 omniscient）
============================================================================================================
单位：deficit / nominal / planned / credited / capped 均折成人年口粮（1 人年 = 730,000 kcal）

  seed  SIGMA        arm    迁移   误判            误判率      累计缺粮    人口   群体       名义       计划       入账      被容量挡
------------------------------------------------------------------------------------------------------------
     0      0     memory   301    3          1.00%      1238   774   31   422986   422986   152871    270115
     0      0 omniscient   311    0          0.00%      1211   782   36   422986   422986   152672    270314
 12345      0     memory   278    3          1.08%      1229   648   28   403097   403097   131140    271956
 12345      0 omniscient   340    0          0.00%      1380   697   30   403097   403097   130450    272646
   777      0     memory   220    4          1.82%       920   639   26   410139   410139   116524    293614
   777      0 omniscient   241    0          0.00%       932   464   21   410139   410139   100557    309581
  4242      0     memory   307    3          0.98%      1242   721   31   413990   413990   145259    268731
  4242      0 omniscient   264    0          0.00%      1071   735   31   413990   413990   137386    276603
    99      0     memory   211    3          1.42%       934   681   28   439943   439943   135884    304059
    99      0 omniscient   235    0          0.00%       943   734   30   439943   439943   140071    299872
 31337      0     memory   352    6          1.70%      1453   854   36   418326   418326   165159    253167
 31337      0 omniscient   398    0          0.00%      1572   780   37   418326   418326   157289    261037
  2026      0     memory   278    8          2.88%      1186   885   37   438434   438434   163004    275429
  2026      0 omniscient   371    0          0.00%      1296   884   37   438434   438434   161929    276504
------------------------------------------------------------------------------------------------------------
     0    100     memory   258    2          0.78%      1084   813   33   422986   422893   146897    275995
     0    100 omniscient   408    0          0.00%      1529   825   40   422986   422893   161875    261018
 12345    100     memory   259    3          1.16%      1129   626   23   403097   403028   125776    277251
 12345    100 omniscient   311    0          0.00%      1372   629   28   403097   403028   131081    271946
   777    100     memory   211    1          0.47%       835   553   23   410139   410146   103633    306512
   777    100 omniscient   206    0          0.00%       780   637   23   410139   410146   103679    306466
  4242    100     memory   237    1          0.42%      1002   685   28   413990   413899   130187    283712
  4242    100 omniscient   309    0          0.00%      1201   639   30   413990   413899   135035    278864
    99    100     memory   268    5          1.87%      1108   824   34   439943   439993   151335    288657
    99    100 omniscient   373    0          0.00%      1448   797   37   439943   439993   153215    286777
 31337    100     memory   374    6          1.60%      1622   731   34   418326   418478   157125    261353
 31337    100 omniscient   407    0          0.00%      1505   871   41   418326   418478   169643    248835
  2026    100     memory   353    8          2.27%      1520   830   34   438434   438440   164440    274000
  2026    100 omniscient   326    0          0.00%      1343   765   34   438434   438440   157154    281286
------------------------------------------------------------------------------------------------------------
     0    200     memory   257    4          1.56%      1104   851   32   422986   423280   145027    278252
     0    200 omniscient   379    0          0.00%      1387   812   40   422986   423280   161932    261348
 12345    200     memory   314    3          0.96%      1339   709   31   403097   403066   138219    264847
 12345    200 omniscient   342    0          0.00%      1427   727   32   403097   403066   144050    259016
   777    200     memory   166    3          1.81%       764   524   21   410139   410669    94341    316327
   777    200 omniscient   199    0          0.00%       822   362   17   410139   410669    80669    329999
  4242    200     memory   270    3          1.11%      1163   662   28   413990   414210   131462    282748
  4242    200 omniscient   263    0          0.00%      1129   723   34   413990   414210   139872    274337
    99    200     memory   267    4          1.50%      1262   817   32   439943   440221   150996    289224
    99    200 omniscient   236    0          0.00%       984   789   34   439943   440221   147280    292940
 31337    200     memory   323    6          1.86%      1488   688   30   418326   418585   142603    275982
 31337    200 omniscient   369    0          0.00%      1480   748   36   418326   418585   147493    271092
  2026    200     memory   319    5          1.57%      1464   795   36   438434   438749   160552    278196
  2026    200 omniscient   432    0          0.00%      1657   832   43   438434   438749   168030    270718
------------------------------------------------------------------------------------------------------------
     0    400     memory   292    1          0.34%      1327   750   33   422986   422837   149839    272998
     0    400 omniscient   300    0          0.00%      1329   746   33   422986   422837   152339    270498
 12345    400     memory   336    5          1.49%      1533   640   28   403097   402822   138830    263992
 12345    400 omniscient   238    0          0.00%      1154   559   26   403097   402822   113746    289076
   777    400     memory   201    2          1.00%       857   609   21   410139   410804   108926    301878
   777    400 omniscient   227    0          0.00%       934   623   25   410139   410804   110185    300618
  4242    400     memory   231    2          0.87%      1084   719   30   413990   414087   137768    276318
  4242    400 omniscient   284    0          0.00%      1164   594   30   413990   414087   121859    292228
    99    400     memory   232    4          1.72%      1087   820   34   439943   439779   145449    294329
    99    400 omniscient   245    0          0.00%       995   668   31   439943   439779   132129    307650
 31337    400     memory   328    4          1.22%      1516   764   32   418326   418031   151397    266633
 31337    400 omniscient   331    0          0.00%      1401   668   30   418326   418031   143769    274261
  2026    400     memory   271    1          0.37%      1226   584   25   438434   438210   131593    306616
  2026    400 omniscient   293    0          0.00%      1223   608   29   438434   438210   133898    304312
------------------------------------------------------------------------------------------------------------
     0    800     memory   214    0          0.00%      1120   761   31   422986   422968   136851    286117
     0    800 omniscient   289    0          0.00%      1354   656   30   422986   422968   137619    285348
 12345    800     memory   162    2          1.23%       924   489   20   403097   402456   102303    300152
 12345    800 omniscient   232    0          0.00%      1175   378   16   403097   402456    94213    308243
   777    800     memory   142    1          0.70%       775   467   19   410139   409735    91295    318439
   777    800 omniscient   157    0          0.00%       839   297   12   410139   409735    71173    338562
  4242    800     memory   156    1          0.64%       851   641   27   413990   412378   122880    289498
  4242    800 omniscient   161    0          0.00%       692   701   29   413990   412378   121313    291065
    99    800     memory   245    4          1.63%      1267   647   31   439943   440999   145139    295859
    99    800 omniscient   164    0          0.00%       805   740   30   439943   440999   131515    309484
 31337    800     memory   262    3          1.15%      1386   639   29   418326   418383   134104    284278
 31337    800 omniscient   211    0          0.00%      1109   641   26   418326   418383   127013    291369
  2026    800     memory   219    2          0.91%      1138   715   32   438434   440522   140866    299655
  2026    800 omniscient   242    0          0.00%      1349   696   33   438434   440522   145538    294983
------------------------------------------------------------------------------------------------------------

============================================================================================================
汇总：按 SIGMA 合计 7 个种子
============================================================================================================
 SIGMA        arm      迁移合计      误判合计            误判率      缺粮合计      人口合计      群体合计      计划/名义      入账/计划
--------------------------------------------------------------------------------------------------------
     0     memory      1947        30          1.54%      8202      5202       217     1.0000     0.3427
     0 omniscient      2160         0          0.00%      8405      5076       222     1.0000     0.3327
--------------------------------------------------------------------------------------------------------
   100     memory      1960        26          1.33%      8300      5062       209     1.0000     0.3323
   100 omniscient      2340         0          0.00%      9178      5163       233     1.0000     0.3433
--------------------------------------------------------------------------------------------------------
   200     memory      1916        28          1.46%      8584      5046       210     1.0006     0.3266
   200 omniscient      2220         0          0.00%      8886      4993       236     1.0006     0.3355
--------------------------------------------------------------------------------------------------------
   400     memory      1891        19          1.00%      8630      4886       203     0.9999     0.3271
   400 omniscient      1918         0          0.00%      8200      4466       204     0.9999     0.3081
--------------------------------------------------------------------------------------------------------
   800     memory      1400        13          0.93%      7461      4359       189     1.0002     0.2963
   800 omniscient      1456         0          0.00%      7323      4109       176     1.0002     0.2811
--------------------------------------------------------------------------------------------------------

============================================================================================================
待检验假说 B1：误判率随 SIGMA_M 单调上升
============================================================================================================
  SIGMA_M=0    误判  30 / 迁移 1947  = 1.54%
  SIGMA_M=100  误判  26 / 迁移 1960  = 1.33%
  SIGMA_M=200  误判  28 / 迁移 1916  = 1.46%
  SIGMA_M=400  误判  19 / 迁移 1891  = 1.00%
  SIGMA_M=800  误判  13 / 迁移 1400  = 0.93%

  结论：**本配置与本样本未支持 B1。** 误判率并非随 SIGMA_M 单调上升。
  B1 只是待检验假说，不是正确性断言。不成立时不调参去追曲线，也不就此宣布找到了另一个原因。

============================================================================================================
读数须知（这几条不看会读错上面的表）
============================================================================================================
  1. 全知对照臂的误判恒为 0 有一部分来自选择规则本身：误判的定义是"搬去的格子事后看
     并不更好"，而全知臂直接读当年真值，按定义几乎不可能选错。**不要把这个 0 当成长期
     福利收益。** 两臂的福利要看缺粮、人口、群体数，不能看误判。
  2. "被容量挡"通常是"计划"的大头：格子很快涨到 cap，此后多数再生量根本没进入世界。
     因此资源总量的变化**不能**全部解释成信息效应——先看 计划/名义 与 入账/计划 两列。
  3. 迁移为 0 时误判率标为"不可计算(分母0)"，不记成 0%。
  4. SIGMA_M=0 一行是退化档，应与 EXP-01 冻结基线一致（由 run_tests.py 的 C7 判定）。
