========================================================================================================================
第 1 节 —— 逐种子原始整数账（未折算；共 112 行）
========================================================================================================================
seed	sigma	mort	share	arm	mig	regret	migdead	births	demodead	pop	bands	need	deficit	py	stale	sgroups	sparts	srecv	sadopt	srej	sdec
0	0	0	0	memory	301	3	0	5691	5037	774	31	94576610000	904453396	129557	1265	0	0	0	0	0	0
12345	0	0	0	memory	278	3	0	4889	4361	648	28	81554870000	897475124	111719	1273	0	0	0	0	0	0
777	0	0	0	memory	220	4	0	4338	3819	639	26	72060490000	672059813	98713	850	0	0	0	0	0	0
4242	0	0	0	memory	307	3	0	5401	4800	721	31	89945490000	907018604	123213	1220	0	0	0	0	0	0
99	0	0	0	memory	211	3	0	4987	4426	681	28	82676150000	682027555	113255	1303	0	0	0	0	0	0
31337	0	0	0	memory	352	6	0	6161	5427	854	36	102562080000	1061221414	140496	1455	0	0	0	0	0	0
2026	0	0	0	memory	278	8	0	6001	5236	885	37	99539880000	865968838	136356	1419	0	0	0	0	0	0
0	0	0	250	memory	272	5	0	5728	5034	814	35	95108780000	837993236	130286	1765	30	60	867	338	529	4
12345	0	0	250	memory	288	3	0	4878	4359	639	30	81507420000	956197434	111654	1017	34	68	990	416	574	4
777	0	0	250	memory	226	6	0	4242	3765	597	23	70620200000	717856805	96740	1083	24	48	543	202	341	1
4242	0	0	250	memory	290	6	0	5352	4756	716	29	89181180000	945647169	122166	1087	21	42	435	214	221	2
99	0	0	250	memory	236	3	0	4947	4405	662	29	82072440000	713519545	112428	1143	22	45	609	271	338	2
31337	0	0	250	memory	352	12	0	6034	5447	707	36	100727590000	1171080266	137983	1776	43	88	1098	357	741	3
2026	0	0	250	memory	310	5	0	5896	5187	829	37	98106890000	959002655	134393	1251	60	127	1856	489	1367	5
0	0	0	1000	memory	388	4	0	5201	4662	659	30	86929130000	1025451033	119081	683	606	1417	30062	2014	28048	53
12345	0	0	1000	memory	284	5	0	3801	3508	413	22	63588110000	830070930	87107	342	650	1628	48776	2350	46426	28
777	0	0	1000	memory	206	1	0	3565	3185	500	21	59379660000	608913235	81342	651	375	838	16938	999	15939	7
4242	0	0	1000	memory	313	5	0	4937	4349	708	33	82231580000	852869796	112646	537	471	1180	40563	1936	38627	40
99	0	0	1000	memory	285	9	0	4225	4014	331	23	70732620000	956673656	96894	291	468	1269	48787	2516	46271	51
31337	0	0	1000	memory	316	3	0	5235	4646	709	30	87349610000	1009029330	119657	570	579	1407	38732	2147	36585	51
2026	0	0	1000	memory	430	5	0	6023	5377	766	39	100732700000	1201591199	137990	810	721	1736	37410	2435	34975	37
0	0	0	0	omniscient	311	0	0	5685	5023	782	36	94489010000	884474945	129437	1894	0	0	0	0	0	0
12345	0	0	0	omniscient	340	0	0	4911	4334	697	30	82181210000	1007695494	112577	1877	0	0	0	0	0	0
777	0	0	0	omniscient	241	0	0	3718	3374	464	21	62006200000	681004519	84940	1667	0	0	0	0	0	0
4242	0	0	0	omniscient	264	0	0	5118	4503	735	31	85063250000	781898680	116525	1919	0	0	0	0	0	0
99	0	0	0	omniscient	235	0	0	5182	4568	734	30	85780840000	688887605	117508	1546	0	0	0	0	0	0
31337	0	0	0	omniscient	398	0	0	5846	5186	780	37	97630930000	1147594831	133741	2361	0	0	0	0	0	0
2026	0	0	0	omniscient	371	0	0	6015	5251	884	37	100032630000	946537277	137031	1629	0	0	0	0	0	0
0	0	50	0	memory	180	0	271	4503	3835	517	19	74318380000	475013523	101806	1049	0	0	0	0	0	0
12345	0	50	0	memory	200	2	286	4045	3396	483	20	66952680000	505379194	91716	807	0	0	0	0	0	0
777	0	50	0	memory	152	0	214	3681	3107	480	20	60663730000	341857099	83101	941	0	0	0	0	0	0
4242	0	50	0	memory	169	2	238	4475	3732	625	24	73678900000	397983256	100930	540	0	0	0	0	0	0
99	0	50	0	memory	202	3	251	4464	3849	484	23	73828550000	545692850	101135	665	0	0	0	0	0	0
31337	0	50	0	memory	176	2	240	4501	3817	564	24	74363640000	510587954	101868	956	0	0	0	0	0	0
2026	0	50	0	memory	203	3	269	5310	4458	703	30	87655480000	555300902	120076	808	0	0	0	0	0	0
0	0	50	250	memory	171	0	248	4396	3749	519	21	72553240000	462536502	99388	783	8	16	186	83	103	2
12345	0	50	250	memory	186	1	273	3939	3274	512	20	65102130000	430633411	89181	605	17	34	463	184	279	1
777	0	50	250	memory	153	0	214	3636	3097	445	18	59970230000	364324051	82151	760	8	16	152	63	89	0
4242	0	50	250	memory	168	2	214	4294	3616	584	22	70828250000	436046443	97025	812	18	36	338	115	223	0
99	0	50	250	memory	194	2	253	4775	4029	613	25	78781600000	473215806	107920	831	25	50	583	207	376	0
31337	0	50	250	memory	191	4	253	4506	3821	552	25	74546140000	536423537	102118	1247	35	73	868	198	670	1
2026	0	50	250	memory	211	2	284	5333	4418	751	31	87994200000	532929566	120540	736	25	50	467	199	268	2
0	0	50	1000	memory	186	1	232	4177	3565	500	20	68950690000	441800407	94453	287	309	674	13054	857	12197	6
12345	0	50	1000	memory	153	2	204	2938	2487	367	14	48607780000	378190347	66586	469	341	694	10299	754	9545	10
777	0	50	1000	memory	139	0	181	3463	2913	489	21	57155350000	360376224	78295	647	208	416	5128	456	4672	9
4242	0	50	1000	memory	152	5	190	3706	3140	496	20	61157210000	376612247	83777	359	345	715	8607	796	7811	10
99	0	50	1000	memory	184	2	227	4858	4139	612	27	80081730000	479168558	109701	605	352	841	18730	1332	17398	16
31337	0	50	1000	memory	202	1	249	4551	3851	571	25	75363740000	590026423	103238	288	509	1106	16298	1232	15066	16
2026	0	50	1000	memory	245	2	283	5078	4330	585	29	84081400000	655563738	115180	1170	603	1335	25580	1705	23875	22
0	0	50	0	omniscient	224	0	320	5159	4250	709	28	85022370000	485700583	116469	1266	0	0	0	0	0	0
12345	0	50	0	omniscient	167	0	243	3470	2955	392	17	57326900000	402446512	78530	1183	0	0	0	0	0	0
777	0	50	0	omniscient	141	0	178	2680	2353	269	11	44441670000	380749819	60879	980	0	0	0	0	0	0
4242	0	50	0	omniscient	190	0	253	4723	3954	636	25	77827490000	434998836	106613	861	0	0	0	0	0	0
99	0	50	0	omniscient	197	0	255	4837	4083	619	27	79851780000	505525843	109386	1677	0	0	0	0	0	0
31337	0	50	0	omniscient	229	0	292	5034	4230	632	27	83225110000	590858240	114007	1685	0	0	0	0	0	0
2026	0	50	0	omniscient	181	0	228	4568	3829	631	26	75331620000	451502403	103194	790	0	0	0	0	0	0
0	400	0	0	memory	292	1	0	5541	4911	750	33	92360330000	969387633	126521	1522	0	0	0	0	0	0
12345	400	0	0	memory	336	5	0	5174	4654	640	28	86614500000	1119794491	118650	1683	0	0	0	0	0	0
777	400	0	0	memory	201	2	0	4020	3531	609	21	66789160000	625976399	91492	817	0	0	0	0	0	0
4242	400	0	0	memory	231	2	0	5077	4478	719	30	84404060000	791870023	115622	942	0	0	0	0	0	0
99	400	0	0	memory	232	4	0	5376	4676	820	34	89303090000	794037645	122333	1489	0	0	0	0	0	0
31337	400	0	0	memory	328	4	0	5645	5001	764	32	94286070000	1106765170	129159	1491	0	0	0	0	0	0
2026	400	0	0	memory	271	1	0	4847	4383	584	25	80781800000	895480502	110660	1329	0	0	0	0	0	0
0	400	0	250	memory	287	3	0	5321	4754	687	28	88777490000	1007132047	121613	1495	22	45	631	281	350	2
12345	400	0	250	memory	308	5	0	4875	4406	589	26	81604510000	1045591246	111787	1583	31	64	1034	426	608	1
777	400	0	250	memory	173	1	0	4109	3597	632	24	68119220000	549394489	93314	831	5	10	95	43	52	0
4242	400	0	250	memory	246	0	0	4703	4124	699	28	78370610000	838732340	107357	892	25	51	525	231	294	6
99	400	0	250	memory	207	2	0	5024	4375	769	33	83282050000	682926049	114085	629	33	66	803	244	559	3
31337	400	0	250	memory	286	4	0	5388	4782	726	31	89786350000	979853369	122995	1043	28	56	590	224	366	0
2026	400	0	250	memory	256	3	0	4765	4255	630	26	79432760000	848111993	108812	1044	59	121	1669	515	1154	6
0	400	0	1000	memory	279	3	0	4997	4545	572	27	83532440000	1037277674	114428	576	391	883	21361	1361	20000	16
12345	400	0	1000	memory	268	4	0	4151	3759	512	25	69593820000	943254938	95334	822	545	1207	28958	1609	27349	27
777	400	0	1000	memory	202	0	0	3692	3357	455	22	61503960000	630078952	84252	357	371	838	17390	1020	16370	19
4242	400	0	1000	memory	257	6	0	4420	3962	578	26	73807380000	863596028	101106	448	460	985	17435	1316	16119	13
99	400	0	1000	memory	243	1	0	4277	3875	522	26	71103460000	725114364	97402	275	574	1554	56392	2563	53829	18
31337	400	0	1000	memory	227	4	0	4534	4047	607	26	75519230000	820771973	103451	574	597	1416	27063	1871	25192	14
2026	400	0	1000	memory	303	4	0	4946	4476	590	30	82373930000	878750286	112841	557	620	1551	45334	2232	43102	40
0	400	0	0	omniscient	300	0	0	5660	5034	746	33	94235700000	970845548	129090	1319	0	0	0	0	0	0
12345	400	0	0	omniscient	238	0	0	4214	3775	559	26	70439890000	842596919	96493	1468	0	0	0	0	0	0
777	400	0	0	omniscient	227	0	0	4085	3582	623	25	67989280000	682386703	93136	1459	0	0	0	0	0	0
4242	400	0	0	omniscient	284	0	0	4491	4017	594	30	75004580000	849825184	102746	1457	0	0	0	0	0	0
99	400	0	0	omniscient	245	0	0	4861	4313	668	31	80794940000	726488602	110678	1098	0	0	0	0	0	0
31337	400	0	0	omniscient	331	0	0	5320	4772	668	30	88793550000	1023340474	121635	1720	0	0	0	0	0	0
2026	400	0	0	omniscient	293	0	0	4920	4432	608	29	82044700000	893152121	112390	1240	0	0	0	0	0	0
0	400	50	0	memory	165	0	237	4175	3551	507	20	69114940000	546588438	94678	691	0	0	0	0	0	0
12345	400	50	0	memory	129	0	181	3853	3295	497	19	63475690000	379460884	86953	350	0	0	0	0	0	0
777	400	50	0	memory	136	1	181	2902	2521	320	13	48001150000	369401685	65755	572	0	0	0	0	0	0
4242	400	50	0	memory	136	0	185	4035	3450	520	20	66540230000	397364711	91151	441	0	0	0	0	0	0
99	400	50	0	memory	170	5	219	5031	4322	610	26	82993700000	542015345	113690	786	0	0	0	0	0	0
31337	400	50	0	memory	169	1	223	3923	3409	411	17	65034240000	570421463	89088	864	0	0	0	0	0	0
2026	400	50	0	memory	191	6	242	4744	4051	571	23	78456020000	581408038	107474	739	0	0	0	0	0	0
0	400	50	250	memory	157	0	236	4105	3432	557	20	67874670000	484303026	92979	704	6	12	145	58	87	3
12345	400	50	250	memory	135	0	188	3741	3169	504	19	61694490000	355645920	84513	463	13	26	244	119	125	1
777	400	50	250	memory	131	0	177	2451	2166	228	10	40682900000	373609667	55730	469	15	32	367	88	279	2
4242	400	50	250	memory	141	0	190	3979	3420	489	19	65657660000	418636609	89942	415	15	30	253	101	152	0
99	400	50	250	memory	164	1	214	5148	4370	684	28	84822350000	494620716	116195	737	15	30	393	152	241	0
31337	400	50	250	memory	174	0	227	3905	3392	406	19	64786770000	580058647	88749	624	14	29	495	115	380	2
2026	400	50	250	memory	176	3	211	4661	3983	587	25	76969740000	524581601	105438	577	30	62	823	277	546	1
0	400	50	1000	memory	162	1	217	3768	3149	522	21	62306230000	445746576	85351	488	287	599	9885	685	9200	5
12345	400	50	1000	memory	146	0	178	3332	2881	393	18	55186540000	445528813	75598	484	387	811	12277	877	11400	2
777	400	50	1000	memory	136	1	168	2095	1879	168	8	34882320000	370621915	47784	241	267	557	6923	544	6379	5
4242	400	50	1000	memory	162	0	217	3715	3207	411	18	61536810000	490243102	84297	453	393	789	10362	787	9575	3
99	400	50	1000	memory	200	0	221	4922	4166	655	29	81192790000	495590702	111223	273	501	1208	24110	1600	22510	17
31337	400	50	1000	memory	180	4	189	3466	3005	392	19	57566340000	544732653	78858	394	511	1260	29767	1741	28026	21
2026	400	50	1000	memory	247	6	237	4200	3627	456	24	69522280000	523990061	95236	450	389	1155	35384	2077	33307	20
0	400	50	0	omniscient	197	0	294	4960	4109	677	26	81924250000	522206392	112225	1098	0	0	0	0	0	0
12345	400	50	0	omniscient	148	0	194	3344	2863	407	17	55350060000	419458559	75822	899	0	0	0	0	0	0
777	400	50	0	omniscient	152	0	200	2759	2412	267	11	45662960000	360814304	62552	998	0	0	0	0	0	0
4242	400	50	0	omniscient	151	0	195	4048	3412	561	21	66798650000	438690733	91505	918	0	0	0	0	0	0
99	400	50	0	omniscient	201	0	252	5085	4336	617	28	83993070000	559774400	115059	711	0	0	0	0	0	0
31337	400	50	0	omniscient	242	0	294	4645	3947	524	23	77072670000	685893202	105579	1460	0	0	0	0	0	0
2026	400	50	0	omniscient	198	0	265	4951	4132	674	28	81760730000	538748867	112001	824	0	0	0	0	0	0

========================================================================================================================
第 2 节 —— 记忆臂：信息交换本身发生了多少（7 种子合计）
========================================================================================================================
   SIG  MORT  SHARE |      交换组次      参与人次      收到条目      采纳       拒绝      采纳率      决策改变
  ------------------------------------------------------------------------------------------------
     0     0      0 |         0         0         0       0        0      不适用         0
     0     0    250 |       234       478      6398    2287     4111    35.7%        21
     0     0   1000 |      3870      9475    261268   14397   246871     5.5%       267
     0    50      0 |         0         0         0       0        0      不适用         0
     0    50    250 |       136       275      3057    1049     2008    34.3%         6
     0    50   1000 |      2667      5781     97696    7132    90564     7.3%        89
   400     0      0 |         0         0         0       0        0      不适用         0
   400     0    250 |       203       413      5347    1964     3383    36.7%        18
   400     0   1000 |      3558      8434    213933   11972   201961     5.6%       147
   400    50      0 |         0         0         0       0        0      不适用         0
   400    50    250 |       108       221      2720     910     1810    33.5%         9
   400    50   1000 |      2735      6379    128708    8311   120397     6.5%        73

========================================================================================================================
第 3 节 —— 结果读数（缺粮强度 = 累计缺粮 / 累计需求；陈旧度 = stale_sum / 迁移次数）
========================================================================================================================
   SIG  MORT      臂/SHARE |     迁移      误判率     迁移死亡     末人口    群体      缺粮/需求       平均陈旧度      累计人年
  --------------------------------------------------------------------------------------------------------------
     0     0         记忆 0 |   1947    1.54%        0    5202   217     0.962%        4.51    853309
     0     0       记忆 250 |   1974    2.03%        0    4964   219     1.021%        4.62    845650
     0     0      记忆 1000 |   2222    1.44%        0    4086   198     1.177%        1.75    754717
     0     0       全知(上界) |   2160    0.00%        0    5076   222     1.011%        5.97    831759
     0    50         记忆 0 |   1282    0.94%     1769    3856   160     0.651%        4.50    700632
     0    50       记忆 250 |   1274    0.86%     1739    3976   162     0.635%        4.53    698323
     0    50      记忆 1000 |   1261    1.03%     1566    3620   156     0.690%        3.03    651230
     0    50       全知(上界) |   1329    0.00%     1769    3888   161     0.646%        6.35    689078
   400     0         记忆 0 |   1891    1.00%        0    4886   203     1.060%        4.90    814437
   400     0       记忆 250 |   1763    1.02%        0    4732   196     1.045%        4.26    779963
   400     0      记忆 1000 |   1779    1.24%        0    3836   182     1.140%        2.03    708814
   400     0       全知(上界) |   1918    0.00%        0    4466   204     1.071%        5.09    766168
   400    50         记忆 0 |   1096    1.19%     1468    3436   138     0.715%        4.05    648789
   400    50       记忆 250 |   1078    0.37%     1443    3455   140     0.699%        3.70    633546
   400    50      记忆 1000 |   1233    0.97%     1427    2997   137     0.786%        2.26    578347
   400    50       全知(上界) |   1289    0.00%     1694    3727   154     0.716%        5.36    674743

========================================================================================================================
第 4 节 —— 三个预注册观察假说的原始读数（不做趋势推断）
========================================================================================================================
  G1：记忆臂的缺粮强度随 SHARE_M 上升向全知臂靠拢
  G2：记忆臂的平均信息陈旧度随 SHARE_M 上升而下降
  G3：决策改变数 > 0（机制真的改变了决策，而不是只改了不被读取的记忆）

  SIGMA=0    MORT=0   
    G1 与全知臂的缺粮强度差（越接近 0 越靠拢）： SHARE=0:-0.049pp  SHARE=250:+0.010pp  SHARE=1000:+0.166pp
    G2 平均信息陈旧度：                        SHARE=0:4.51  SHARE=250:4.62  SHARE=1000:1.75
    G3 决策改变数：                            SHARE=0:0  SHARE=250:21  SHARE=1000:267
  SIGMA=0    MORT=50  
    G1 与全知臂的缺粮强度差（越接近 0 越靠拢）： SHARE=0:+0.005pp  SHARE=250:-0.012pp  SHARE=1000:+0.044pp
    G2 平均信息陈旧度：                        SHARE=0:4.50  SHARE=250:4.53  SHARE=1000:3.03
    G3 决策改变数：                            SHARE=0:0  SHARE=250:6  SHARE=1000:89
  SIGMA=400  MORT=0   
    G1 与全知臂的缺粮强度差（越接近 0 越靠拢）： SHARE=0:-0.011pp  SHARE=250:-0.025pp  SHARE=1000:+0.069pp
    G2 平均信息陈旧度：                        SHARE=0:4.90  SHARE=250:4.26  SHARE=1000:2.03
    G3 决策改变数：                            SHARE=0:0  SHARE=250:18  SHARE=1000:147
  SIGMA=400  MORT=50  
    G1 与全知臂的缺粮强度差（越接近 0 越靠拢）： SHARE=0:-0.001pp  SHARE=250:-0.017pp  SHARE=1000:+0.070pp
    G2 平均信息陈旧度：                        SHARE=0:4.05  SHARE=250:3.70  SHARE=1000:2.26
    G3 决策改变数：                            SHARE=0:0  SHARE=250:9  SHARE=1000:73

  逐种子的 G1 差值（同 seed 配对，不跨种子平均）：
    SIGMA=0 MORT=0
      SHARE=0     0:+0.020 12345:-0.126 777:-0.166 4242:+0.089 99:+0.022 31337:-0.141 2026:-0.076
      SHARE=250   0:-0.055 12345:-0.053 777:-0.082 4242:+0.141 99:+0.066 31337:-0.013 2026:+0.031
      SHARE=1000  0:+0.244 12345:+0.079 777:-0.073 4242:+0.118 99:+0.549 31337:-0.020 2026:+0.247
    SIGMA=0 MORT=50
      SHARE=0     0:+0.068 12345:+0.053 777:-0.293 4242:-0.019 99:+0.106 31337:-0.023 2026:+0.034
      SHARE=250   0:+0.066 12345:-0.041 777:-0.249 4242:+0.057 99:-0.032 31337:+0.010 2026:+0.006
      SHARE=1000  0:+0.069 12345:+0.076 777:-0.226 4242:+0.057 99:-0.035 31337:+0.073 2026:+0.180
    SIGMA=400 MORT=0
      SHARE=0     0:+0.019 12345:+0.097 777:-0.066 4242:-0.195 99:-0.010 31337:+0.021 2026:+0.020
      SHARE=250   0:+0.104 12345:+0.085 777:-0.197 4242:-0.063 99:-0.079 31337:-0.061 2026:-0.021
      SHARE=1000  0:+0.212 12345:+0.159 777:+0.021 4242:+0.037 99:+0.121 31337:-0.066 2026:-0.022
    SIGMA=400 MORT=50
      SHARE=0     0:+0.153 12345:-0.160 777:-0.021 4242:-0.060 99:-0.013 31337:-0.013 2026:+0.082
      SHARE=250   0:+0.076 12345:-0.181 777:+0.128 4242:-0.019 99:-0.083 31337:+0.005 2026:+0.023
      SHARE=1000  0:+0.078 12345:+0.049 777:+0.272 4242:+0.140 99:-0.056 31337:+0.056 2026:+0.095

========================================================================================================================
第 5 节 —— 读数须知
========================================================================================================================
  1. **本轮不做正式的趋势推断。** 没有预注册的检验统计量、没有空对照、没有噪声地板，
     只保留原始读数。结果不符合预想也照样留着，不调参追趋势。
  2. EXP-03 已经测到：全知臂与记忆臂这两个端点之间的差本身在本样本上就不稳定。
     所以“G1 读不到分辨”既不能推出“信息没有用”，也不能反过来当成机制有效的证据。
  3. **决策改变数是机制是否真的影响了行动的直接计数。** 它为 0 说明：信息确实传了
     （采纳数 > 0），但在本配置下没有改变过任何一次迁移目标 —— 这是一个如实保留的否定读数。
  4. 全知臂只跑 SHARE=0：该臂的迁移决策读当年真值，不读记忆，E4 已逐 tick 证明
     它的行动与物质演化对 SHARE_M 不变。它的记忆与信息账会变，那不是模拟错误。
  5. 平均陈旧度 = stale_sum / 迁移次数，单位是年；迁移为 0 时记“不适用”，不记 0。
  6. 继承 EXP-01/02/03 的全部已知限制：迁移储存损失结构性恒为零、默认样本无灭绝、
     多数假设为 D 级、跨版本存档兼容与人口学标定都没有做过。
