========================================================================================================================
第 1 节 —— 逐种子原始整数账（未折算，单位 kcal / 人 / 人年；共 112 行）
========================================================================================================================
seed	sigma	mort	arm	mig	regret	migdead	births	demodead	pop	bands	need	deficit	py	nominal	planned	credited	capped
0	0	0	memory	301	3	0	5691	5037	774	31	94576610000	904453396	129557	308780364000	308780364000	111596242527	197184121473
0	0	0	omniscient	311	0	0	5685	5023	782	36	94489010000	884474945	129437	308780364000	308780364000	111450564460	197329799540
12345	0	0	memory	278	3	0	4889	4361	648	28	81554870000	897475124	111719	294260883000	294260883000	95732782670	198528100330
12345	0	0	omniscient	340	0	0	4911	4334	697	30	82181210000	1007695494	112577	294260883000	294260883000	95228783129	199032099871
777	0	0	memory	220	4	0	4338	3819	639	26	72060490000	672059813	98713	299401470000	299401470000	85062790126	214338679874
777	0	0	omniscient	241	0	0	3718	3374	464	21	62006200000	681004519	84940	299401470000	299401470000	73407227077	225994242923
4242	0	0	memory	307	3	0	5401	4800	721	31	89945490000	907018604	123213	302213211000	302213211000	106039382877	196173828123
4242	0	0	omniscient	264	0	0	5118	4503	735	31	85063250000	781898680	116525	302213211000	302213211000	100292422179	201920788821
99	0	0	memory	211	3	0	4987	4426	681	28	82676150000	682027555	113255	321158682000	321158682000	99195354787	221963327213
99	0	0	omniscient	235	0	0	5182	4568	734	30	85780840000	688887605	117508	321158682000	321158682000	102251866184	218906815816
31337	0	0	memory	352	6	0	6161	5427	854	36	102562080000	1061221414	140496	305378637000	305378637000	120566336327	184812300673
31337	0	0	omniscient	398	0	0	5846	5186	780	37	97630930000	1147594831	133741	305378637000	305378637000	114821383305	190557253695
2026	0	0	memory	278	8	0	6001	5236	885	37	99539880000	865968838	136356	320056893000	320056893000	118993291817	201063601183
2026	0	0	omniscient	371	0	0	6015	5251	884	37	100032630000	946537277	137031	320056893000	320056893000	118208895383	201847997617
0	0	20	memory	222	4	118	5374	4621	755	29	88960720000	689555169	121864	308780364000	308780364000	105496149725	203284214275
0	0	20	omniscient	197	0	101	4796	4076	739	28	79210110000	532149912	108507	308780364000	308780364000	94318671741	214461692259
12345	0	20	memory	168	2	82	4078	3539	577	23	67545440000	576220697	92528	294260883000	294260883000	80799281926	213461601074
12345	0	20	omniscient	298	0	136	4471	3929	526	22	74570960000	811704393	102152	294260883000	294260883000	88128086459	206132796541
777	0	20	memory	152	1	77	3179	2837	385	15	52732280000	468749367	72236	299401470000	299401470000	62960860771	236440609229
777	0	20	omniscient	196	0	108	3735	3281	466	18	61959480000	545857472	84876	299401470000	299401470000	73332918266	226068551734
4242	0	20	memory	233	4	117	5046	4370	679	28	83676250000	707378693	114625	302213211000	302213211000	99084131351	203129079649
4242	0	20	omniscient	327	0	138	4838	4176	644	30	80395630000	739021151	110131	302213211000	302213211000	94642697056	207570513944
99	0	20	memory	219	4	114	5332	4639	699	29	88146770000	619583481	120749	321158682000	321158682000	105393677520	215765004480
99	0	20	omniscient	182	0	88	5142	4383	791	32	84695330000	456419221	116021	321158682000	321158682000	102058231930	219100450070
31337	0	20	memory	296	5	143	5802	4957	822	32	96286270000	839615597	131899	305378637000	305378637000	113797251830	191581385170
31337	0	20	omniscient	268	0	127	5124	4345	772	30	85045000000	752053015	116500	305378637000	305378637000	101027072831	204351564169
2026	0	20	memory	262	4	124	5643	4863	776	33	93542930000	767534260	128141	320056893000	320056893000	111339116984	208717776016
2026	0	20	omniscient	248	0	108	5075	4315	772	34	84147830000	653153760	115271	320056893000	320056893000	100632474485	219424418515
0	0	50	memory	180	0	271	4503	3835	517	19	74318380000	475013523	101806	308780364000	308780364000	88349711869	220430652131
0	0	50	omniscient	224	0	320	5159	4250	709	28	85022370000	485700583	116469	308780364000	308780364000	100772646307	208007717693
12345	0	50	memory	200	2	286	4045	3396	483	20	66952680000	505379194	91716	294260883000	294260883000	79144375251	215116507749
12345	0	50	omniscient	167	0	243	3470	2955	392	17	57326900000	402446512	78530	294260883000	294260883000	68062263922	226198619078
777	0	50	memory	152	0	214	3681	3107	480	20	60663730000	341857099	83101	299401470000	299401470000	72691626517	226709843483
777	0	50	omniscient	141	0	178	2680	2353	269	11	44441670000	380749819	60879	299401470000	299401470000	53674158510	245727311490
4242	0	50	memory	169	2	238	4475	3732	625	24	73678900000	397983256	100930	302213211000	302213211000	87920795071	214292415929
4242	0	50	omniscient	190	0	253	4723	3954	636	25	77827490000	434998836	106613	302213211000	302213211000	92965685943	209247525057
99	0	50	memory	202	3	251	4464	3849	484	23	73828550000	545692850	101135	321158682000	321158682000	88886525332	232272156668
99	0	50	omniscient	197	0	255	4837	4083	619	27	79851780000	505525843	109386	321158682000	321158682000	95580327853	225578354147
31337	0	50	memory	176	2	240	4501	3817	564	24	74363640000	510587954	101868	305378637000	305378637000	89207464570	216171172430
31337	0	50	omniscient	229	0	292	5034	4230	632	27	83225110000	590858240	114007	305378637000	305378637000	99109962560	206268674440
2026	0	50	memory	203	3	269	5310	4458	703	30	87655480000	555300902	120076	320056893000	320056893000	105341684698	214715208302
2026	0	50	omniscient	181	0	228	4568	3829	631	26	75331620000	451502403	103194	320056893000	320056893000	90654711776	229402181224
0	0	100	memory	131	1	416	3548	2884	368	14	58307290000	269165592	79873	308780364000	308780364000	69839057792	238941306208
0	0	100	omniscient	137	0	424	3456	2803	349	13	56756770000	257793476	77749	308780364000	308780364000	67508500351	241271863649
12345	0	100	memory	114	1	331	3391	2766	414	16	55659580000	227279057	76246	294260883000	294260883000	67485789243	226775093757
12345	0	100	omniscient	141	0	384	3392	2770	358	16	55790250000	275455399	76425	294260883000	294260883000	67187147456	227073735544
777	0	100	memory	100	0	244	2394	2034	236	10	39420730000	219460514	54001	299401470000	299401470000	48156193245	251245276755
777	0	100	omniscient	101	0	274	2473	2056	263	10	40652240000	200149263	55688	299401470000	299401470000	49544177062	249857292938
4242	0	100	memory	117	1	339	3874	3194	461	17	63524600000	238733970	87020	302213211000	302213211000	76746773699	225466437301
4242	0	100	omniscient	124	0	299	3659	3005	475	19	60025710000	223726164	82227	302213211000	302213211000	72848844957	229364366043
99	0	100	memory	102	0	288	4260	3520	572	23	69712810000	174730155	95497	321158682000	321158682000	85070413423	236088268577
99	0	100	omniscient	124	0	345	4484	3697	562	22	73445300000	225654529	100610	321158682000	321158682000	88925931390	232232750610
31337	0	100	memory	167	1	450	3840	3140	370	15	63366190000	410069772	86803	305378637000	305378637000	76237433830	229141203170
31337	0	100	omniscient	145	0	439	4465	3589	557	21	73308790000	313206261	100423	305378637000	305378637000	88005971600	217372665400
2026	0	100	memory	137	1	388	4215	3397	550	25	69193780000	260198351	94786	320056893000	320056893000	83844724872	236212168128
2026	0	100	omniscient	130	0	345	3896	3136	535	23	63929020000	221642683	87574	320056893000	320056893000	77911370630	242145522370
0	400	0	memory	292	1	0	5541	4911	750	33	92360330000	969387633	126521	308780364000	308671560902	109382836389	199288724513
0	400	0	omniscient	300	0	0	5660	5034	746	33	94235700000	970845548	129090	308780364000	308671560902	111207930708	197463630194
12345	400	0	memory	336	5	0	5174	4654	640	28	86614500000	1119794491	118650	294260883000	294060313017	101345930698	192714382319
12345	400	0	omniscient	238	0	0	4214	3775	559	26	70439890000	842596919	96493	294260883000	294060313017	83034677996	211025635021
777	400	0	memory	201	2	0	4020	3531	609	21	66789160000	625976399	91492	299401470000	299887410470	79516182147	220371228323
777	400	0	omniscient	227	0	0	4085	3582	623	25	67989280000	682386703	93136	299401470000	299887410470	80435740118	219451670352
4242	400	0	memory	231	2	0	5077	4478	719	30	84404060000	791870023	115622	302213211000	302283596617	100571238874	201712357743
4242	400	0	omniscient	284	0	0	4491	4017	594	30	75004580000	849825184	102746	302213211000	302283596617	88957131233	213326465384
99	400	0	memory	232	4	0	5376	4676	820	34	89303090000	794037645	122333	321158682000	321039341473	106178453922	214860887551
99	400	0	omniscient	245	0	0	4861	4313	668	31	80794940000	726488602	110678	321158682000	321039341473	96454204210	224585137263
31337	400	0	memory	328	4	0	5645	5001	764	32	94286070000	1106765170	129159	305378637000	305162673793	110520321713	194642352080
31337	400	0	omniscient	331	0	0	5320	4772	668	30	88793550000	1023340474	121635	305378637000	305162673793	104951540693	200211133100
2026	400	0	memory	271	1	0	4847	4383	584	25	80781800000	895480502	110660	320056893000	319893605426	96063295236	223830310190
2026	400	0	omniscient	293	0	0	4920	4432	608	29	82044700000	893152121	112390	320056893000	319893605426	97745566078	222148039348
0	400	20	memory	239	3	131	5608	4785	812	29	92820230000	708364364	127151	308780364000	308671560902	109672261689	198999299213
0	400	20	omniscient	248	0	118	5696	4875	823	35	94183870000	678860509	129019	308780364000	308671560902	111675613569	196995947333
12345	400	20	memory	224	3	114	3945	3401	550	20	65659120000	677709534	89944	294260883000	294060313017	77651895561	216408417456
12345	400	20	omniscient	192	0	93	3602	3163	466	21	59886280000	584305903	82036	294260883000	294060313017	71045080893	223015232124
777	400	20	memory	191	0	101	4019	3432	606	23	66589870000	505274120	91219	299401470000	299887410470	79222396322	220665014148
777	400	20	omniscient	202	0	89	2818	2597	252	14	47140480000	574487334	64576	299401470000	299887410470	56111365392	243776045078
4242	400	20	memory	188	1	92	4770	4080	718	28	78912270000	591802423	108099	302213211000	302283596617	94165805391	208117791226
4242	400	20	omniscient	235	0	101	4453	3821	651	29	73882570000	610468407	101209	302213211000	302283596617	87580792516	214702804101
99	400	20	memory	206	3	105	5094	4376	733	29	84486550000	692870105	115735	321158682000	321039341473	100629958855	220409382618
99	400	20	omniscient	263	0	109	4832	4156	687	31	80227730000	682520260	109901	321158682000	321039341473	96222853214	224816488259
31337	400	20	memory	225	5	109	4585	3995	601	22	76152140000	748974087	104318	305378637000	305162673793	90969626929	214193046864
31337	400	20	omniscient	305	0	120	4886	4319	567	30	81503770000	884602802	111649	305378637000	305162673793	96925827714	208236846079
2026	400	20	memory	220	1	97	4938	4287	674	29	81863660000	685636270	112142	320056893000	319893605426	98463482164	221430123262
2026	400	20	omniscient	264	0	97	4533	3981	575	28	75201680000	668033050	103016	320056893000	319893605426	90493598105	229400007321
0	400	50	memory	165	0	237	4175	3551	507	20	69114940000	546588438	94678	308780364000	308671560902	82452143193	226219417709
0	400	50	omniscient	197	0	294	4960	4109	677	26	81924250000	522206392	112225	308780364000	308671560902	97426744442	211244816460
12345	400	50	memory	129	0	181	3853	3295	497	19	63475690000	379460884	86953	294260883000	294060313017	76317965108	217742347909
12345	400	50	omniscient	148	0	194	3344	2863	407	17	55350060000	419458559	75822	294260883000	294060313017	66282728406	227777584611
777	400	50	memory	136	1	181	2902	2521	320	13	48001150000	369401685	65755	299401470000	299887410470	57528961760	242358448710
777	400	50	omniscient	152	0	200	2759	2412	267	11	45662960000	360814304	62552	299401470000	299887410470	54483660407	245403750063
4242	400	50	memory	136	0	185	4035	3450	520	20	66540230000	397364711	91151	302213211000	302283596617	80114728560	222168868057
4242	400	50	omniscient	151	0	195	4048	3412	561	21	66798650000	438690733	91505	302213211000	302283596617	80445129077	221838467540
99	400	50	memory	170	5	219	5031	4322	610	26	82993700000	542015345	113690	321158682000	321039341473	99834864419	221204477054
99	400	50	omniscient	201	0	252	5085	4336	617	28	83993070000	559774400	115059	321158682000	321039341473	100583546262	220455795211
31337	400	50	memory	169	1	223	3923	3409	411	17	65034240000	570421463	89088	305378637000	305162673793	78542333334	226620340459
31337	400	50	omniscient	242	0	294	4645	3947	524	23	77072670000	685893202	105579	305378637000	305162673793	91907267591	213255406202
2026	400	50	memory	191	6	242	4744	4051	571	23	78456020000	581408038	107474	320056893000	319893605426	94419822347	225473783079
2026	400	50	omniscient	198	0	265	4951	4132	674	28	81760730000	538748867	112001	320056893000	319893605426	97747823806	222145781620
0	400	100	memory	107	0	341	3088	2538	329	11	50839390000	277784284	69643	308780364000	308671560902	61138329944	247533230958
0	400	100	omniscient	117	0	387	3718	3017	434	16	61117060000	286714261	83722	308780364000	308671560902	72928568131	235742992771
12345	400	100	memory	108	1	288	3079	2526	385	15	50656160000	261366055	69392	294260883000	294060313017	61633409826	232426903191
12345	400	100	omniscient	114	0	284	2855	2382	309	13	47043390000	267587384	64443	294260883000	294060313017	57099600526	236960712491
777	400	100	memory	86	0	228	2478	2089	281	11	40737650000	198352734	55805	299401470000	299887410470	49723682162	250163728308
777	400	100	omniscient	95	0	271	2490	2096	243	10	40998990000	217519907	56163	299401470000	299887410470	49547800399	250339610071
4242	400	100	memory	107	1	271	3835	3193	491	19	63005570000	279496005	86309	302213211000	302283596617	76878682087	225404914530
4242	400	100	omniscient	116	0	317	3756	3139	420	17	61776250000	303286927	84625	302213211000	302283596617	74529517855	227754078762
99	400	100	memory	116	2	293	4461	3725	563	24	73391280000	360704181	100536	321158682000	321039341473	89467851855	231571489618
99	400	100	omniscient	110	0	301	4493	3710	602	24	73699340000	279434391	100958	321158682000	321039341473	89605743388	231433598085
31337	400	100	memory	139	3	372	4120	3351	517	22	67919200000	399793240	93040	305378637000	305162673793	82288554361	222874119432
31337	400	100	omniscient	168	0	480	4162	3409	393	18	68724390000	474640979	94143	305378637000	305162673793	82715899300	222446774493
2026	400	100	memory	120	1	314	3875	3209	472	20	63742140000	317346450	87318	320056893000	319893605426	77661342619	242232262807
2026	400	100	omniscient	167	0	375	3989	3301	433	23	65795630000	398788813	90131	320056893000	319893605426	79496802317	240396803109

========================================================================================================================
第 2 节 —— 逐种子配对可读表（缺粮与需求折成人年口粮；1 人年 = 730,000 kcal）
========================================================================================================================
  seed  SIG  MORT        arm    迁移   误判            误判率     迁移死亡     原死亡     出生    末人口   群体      累计需求      累计缺粮      缺粮/需求      累计人年
-----------------------------------------------------------------------------------------------------------------------------------
     0    0     0     memory   301    3          1.00%        0    5037   5691    774   31    129557      1238      0.96%    129557
     0    0     0 omniscient   311    0          0.00%        0    5023   5685    782   36    129437      1211      0.94%    129437
 12345    0     0     memory   278    3          1.08%        0    4361   4889    648   28    111719      1229      1.10%    111719
 12345    0     0 omniscient   340    0          0.00%        0    4334   4911    697   30    112577      1380      1.23%    112577
   777    0     0     memory   220    4          1.82%        0    3819   4338    639   26     98713       920      0.93%     98713
   777    0     0 omniscient   241    0          0.00%        0    3374   3718    464   21     84940       932      1.10%     84940
  4242    0     0     memory   307    3          0.98%        0    4800   5401    721   31    123213      1242      1.01%    123213
  4242    0     0 omniscient   264    0          0.00%        0    4503   5118    735   31    116525      1071      0.92%    116525
    99    0     0     memory   211    3          1.42%        0    4426   4987    681   28    113255       934      0.82%    113255
    99    0     0 omniscient   235    0          0.00%        0    4568   5182    734   30    117508       943      0.80%    117508
 31337    0     0     memory   352    6          1.70%        0    5427   6161    854   36    140496      1453      1.03%    140496
 31337    0     0 omniscient   398    0          0.00%        0    5186   5846    780   37    133741      1572      1.18%    133741
  2026    0     0     memory   278    8          2.88%        0    5236   6001    885   37    136356      1186      0.87%    136356
  2026    0     0 omniscient   371    0          0.00%        0    5251   6015    884   37    137031      1296      0.95%    137031
-----------------------------------------------------------------------------------------------------------------------------------
     0    0    20     memory   222    4          1.80%      118    4621   5374    755   29    121864       944      0.78%    121864
     0    0    20 omniscient   197    0          0.00%      101    4076   4796    739   28    108507       728      0.67%    108507
 12345    0    20     memory   168    2          1.19%       82    3539   4078    577   23     92528       789      0.85%     92528
 12345    0    20 omniscient   298    0          0.00%      136    3929   4471    526   22    102152      1111      1.09%    102152
   777    0    20     memory   152    1          0.66%       77    2837   3179    385   15     72236       642      0.89%     72236
   777    0    20 omniscient   196    0          0.00%      108    3281   3735    466   18     84876       747      0.88%     84876
  4242    0    20     memory   233    4          1.72%      117    4370   5046    679   28    114625       969      0.85%    114625
  4242    0    20 omniscient   327    0          0.00%      138    4176   4838    644   30    110131      1012      0.92%    110131
    99    0    20     memory   219    4          1.83%      114    4639   5332    699   29    120749       848      0.70%    120749
    99    0    20 omniscient   182    0          0.00%       88    4383   5142    791   32    116021       625      0.54%    116021
 31337    0    20     memory   296    5          1.69%      143    4957   5802    822   32    131899      1150      0.87%    131899
 31337    0    20 omniscient   268    0          0.00%      127    4345   5124    772   30    116500      1030      0.88%    116500
  2026    0    20     memory   262    4          1.53%      124    4863   5643    776   33    128141      1051      0.82%    128141
  2026    0    20 omniscient   248    0          0.00%      108    4315   5075    772   34    115271       894      0.78%    115271
-----------------------------------------------------------------------------------------------------------------------------------
     0    0    50     memory   180    0          0.00%      271    3835   4503    517   19    101806       650      0.64%    101806
     0    0    50 omniscient   224    0          0.00%      320    4250   5159    709   28    116469       665      0.57%    116469
 12345    0    50     memory   200    2          1.00%      286    3396   4045    483   20     91716       692      0.75%     91716
 12345    0    50 omniscient   167    0          0.00%      243    2955   3470    392   17     78530       551      0.70%     78530
   777    0    50     memory   152    0          0.00%      214    3107   3681    480   20     83101       468      0.56%     83101
   777    0    50 omniscient   141    0          0.00%      178    2353   2680    269   11     60879       521      0.86%     60879
  4242    0    50     memory   169    2          1.18%      238    3732   4475    625   24    100930       545      0.54%    100930
  4242    0    50 omniscient   190    0          0.00%      253    3954   4723    636   25    106613       595      0.56%    106613
    99    0    50     memory   202    3          1.49%      251    3849   4464    484   23    101135       747      0.74%    101135
    99    0    50 omniscient   197    0          0.00%      255    4083   4837    619   27    109386       692      0.63%    109386
 31337    0    50     memory   176    2          1.14%      240    3817   4501    564   24    101868       699      0.69%    101868
 31337    0    50 omniscient   229    0          0.00%      292    4230   5034    632   27    114007       809      0.71%    114007
  2026    0    50     memory   203    3          1.48%      269    4458   5310    703   30    120076       760      0.63%    120076
  2026    0    50 omniscient   181    0          0.00%      228    3829   4568    631   26    103194       618      0.60%    103194
-----------------------------------------------------------------------------------------------------------------------------------
     0    0   100     memory   131    1          0.76%      416    2884   3548    368   14     79873       368      0.46%     79873
     0    0   100 omniscient   137    0          0.00%      424    2803   3456    349   13     77749       353      0.45%     77749
 12345    0   100     memory   114    1          0.88%      331    2766   3391    414   16     76246       311      0.41%     76246
 12345    0   100 omniscient   141    0          0.00%      384    2770   3392    358   16     76425       377      0.49%     76425
   777    0   100     memory   100    0          0.00%      244    2034   2394    236   10     54001       300      0.56%     54001
   777    0   100 omniscient   101    0          0.00%      274    2056   2473    263   10     55688       274      0.49%     55688
  4242    0   100     memory   117    1          0.85%      339    3194   3874    461   17     87020       327      0.38%     87020
  4242    0   100 omniscient   124    0          0.00%      299    3005   3659    475   19     82227       306      0.37%     82227
    99    0   100     memory   102    0          0.00%      288    3520   4260    572   23     95497       239      0.25%     95497
    99    0   100 omniscient   124    0          0.00%      345    3697   4484    562   22    100610       309      0.31%    100610
 31337    0   100     memory   167    1          0.60%      450    3140   3840    370   15     86803       561      0.65%     86803
 31337    0   100 omniscient   145    0          0.00%      439    3589   4465    557   21    100423       429      0.43%    100423
  2026    0   100     memory   137    1          0.73%      388    3397   4215    550   25     94786       356      0.38%     94786
  2026    0   100 omniscient   130    0          0.00%      345    3136   3896    535   23     87574       303      0.35%     87574
-----------------------------------------------------------------------------------------------------------------------------------
     0  400     0     memory   292    1          0.34%        0    4911   5541    750   33    126521      1327      1.05%    126521
     0  400     0 omniscient   300    0          0.00%        0    5034   5660    746   33    129090      1329      1.03%    129090
 12345  400     0     memory   336    5          1.49%        0    4654   5174    640   28    118650      1533      1.29%    118650
 12345  400     0 omniscient   238    0          0.00%        0    3775   4214    559   26     96493      1154      1.20%     96493
   777  400     0     memory   201    2          1.00%        0    3531   4020    609   21     91492       857      0.94%     91492
   777  400     0 omniscient   227    0          0.00%        0    3582   4085    623   25     93136       934      1.00%     93136
  4242  400     0     memory   231    2          0.87%        0    4478   5077    719   30    115622      1084      0.94%    115622
  4242  400     0 omniscient   284    0          0.00%        0    4017   4491    594   30    102746      1164      1.13%    102746
    99  400     0     memory   232    4          1.72%        0    4676   5376    820   34    122333      1087      0.89%    122333
    99  400     0 omniscient   245    0          0.00%        0    4313   4861    668   31    110678       995      0.90%    110678
 31337  400     0     memory   328    4          1.22%        0    5001   5645    764   32    129159      1516      1.17%    129159
 31337  400     0 omniscient   331    0          0.00%        0    4772   5320    668   30    121635      1401      1.15%    121635
  2026  400     0     memory   271    1          0.37%        0    4383   4847    584   25    110660      1226      1.11%    110660
  2026  400     0 omniscient   293    0          0.00%        0    4432   4920    608   29    112390      1223      1.09%    112390
-----------------------------------------------------------------------------------------------------------------------------------
     0  400    20     memory   239    3          1.26%      131    4785   5608    812   29    127151       970      0.76%    127151
     0  400    20 omniscient   248    0          0.00%      118    4875   5696    823   35    129019       929      0.72%    129019
 12345  400    20     memory   224    3          1.34%      114    3401   3945    550   20     89944       928      1.03%     89944
 12345  400    20 omniscient   192    0          0.00%       93    3163   3602    466   21     82036       800      0.98%     82036
   777  400    20     memory   191    0          0.00%      101    3432   4019    606   23     91219       692      0.76%     91219
   777  400    20 omniscient   202    0          0.00%       89    2597   2818    252   14     64576       786      1.22%     64576
  4242  400    20     memory   188    1          0.53%       92    4080   4770    718   28    108099       810      0.75%    108099
  4242  400    20 omniscient   235    0          0.00%      101    3821   4453    651   29    101209       836      0.83%    101209
    99  400    20     memory   206    3          1.46%      105    4376   5094    733   29    115735       949      0.82%    115735
    99  400    20 omniscient   263    0          0.00%      109    4156   4832    687   31    109901       934      0.85%    109901
 31337  400    20     memory   225    5          2.22%      109    3995   4585    601   22    104318      1025      0.98%    104318
 31337  400    20 omniscient   305    0          0.00%      120    4319   4886    567   30    111649      1211      1.09%    111649
  2026  400    20     memory   220    1          0.45%       97    4287   4938    674   29    112142       939      0.84%    112142
  2026  400    20 omniscient   264    0          0.00%       97    3981   4533    575   28    103016       915      0.89%    103016
-----------------------------------------------------------------------------------------------------------------------------------
     0  400    50     memory   165    0          0.00%      237    3551   4175    507   20     94678       748      0.79%     94678
     0  400    50 omniscient   197    0          0.00%      294    4109   4960    677   26    112225       715      0.64%    112225
 12345  400    50     memory   129    0          0.00%      181    3295   3853    497   19     86953       519      0.60%     86953
 12345  400    50 omniscient   148    0          0.00%      194    2863   3344    407   17     75822       574      0.76%     75822
   777  400    50     memory   136    1          0.74%      181    2521   2902    320   13     65755       506      0.77%     65755
   777  400    50 omniscient   152    0          0.00%      200    2412   2759    267   11     62552       494      0.79%     62552
  4242  400    50     memory   136    0          0.00%      185    3450   4035    520   20     91151       544      0.60%     91151
  4242  400    50 omniscient   151    0          0.00%      195    3412   4048    561   21     91505       600      0.66%     91505
    99  400    50     memory   170    5          2.94%      219    4322   5031    610   26    113690       742      0.65%    113690
    99  400    50 omniscient   201    0          0.00%      252    4336   5085    617   28    115059       766      0.67%    115059
 31337  400    50     memory   169    1          0.59%      223    3409   3923    411   17     89088       781      0.88%     89088
 31337  400    50 omniscient   242    0          0.00%      294    3947   4645    524   23    105579       939      0.89%    105579
  2026  400    50     memory   191    6          3.14%      242    4051   4744    571   23    107474       796      0.74%    107474
  2026  400    50 omniscient   198    0          0.00%      265    4132   4951    674   28    112001       738      0.66%    112001
-----------------------------------------------------------------------------------------------------------------------------------
     0  400   100     memory   107    0          0.00%      341    2538   3088    329   11     69643       380      0.55%     69643
     0  400   100 omniscient   117    0          0.00%      387    3017   3718    434   16     83722       392      0.47%     83722
 12345  400   100     memory   108    1          0.93%      288    2526   3079    385   15     69392       358      0.52%     69392
 12345  400   100 omniscient   114    0          0.00%      284    2382   2855    309   13     64443       366      0.57%     64443
   777  400   100     memory    86    0          0.00%      228    2089   2478    281   11     55805       271      0.49%     55805
   777  400   100 omniscient    95    0          0.00%      271    2096   2490    243   10     56163       297      0.53%     56163
  4242  400   100     memory   107    1          0.93%      271    3193   3835    491   19     86309       382      0.44%     86309
  4242  400   100 omniscient   116    0          0.00%      317    3139   3756    420   17     84625       415      0.49%     84625
    99  400   100     memory   116    2          1.72%      293    3725   4461    563   24    100536       494      0.49%    100536
    99  400   100 omniscient   110    0          0.00%      301    3710   4493    602   24    100958       382      0.38%    100958
 31337  400   100     memory   139    3          2.16%      372    3351   4120    517   22     93040       547      0.59%     93040
 31337  400   100 omniscient   168    0          0.00%      480    3409   4162    393   18     94143       650      0.69%     94143
  2026  400   100     memory   120    1          0.83%      314    3209   3875    472   20     87318       434      0.50%     87318
  2026  400   100 omniscient   167    0          0.00%      375    3301   3989    433   23     90131       546      0.61%     90131
-----------------------------------------------------------------------------------------------------------------------------------

========================================================================================================================
第 3 节 —— 汇总（按 SIGMA × MORT × arm 合计 7 个种子）
========================================================================================================================
 SIG  MORT        arm     迁移    误判            误判率     迁移死亡     原死亡     末人口    群体      缺粮/需求        人年      入账/计划
----------------------------------------------------------------------------------------------------------------
   0     0     memory   1947    30          1.54%        0   33106    5202   217      0.96%    853309     0.3427
   0     0 omniscient   2160     0          0.00%        0   32239    5076   222      1.01%    831759     0.3327
----------------------------------------------------------------------------------------------------------------
   0    20     memory   1552    24          1.55%      775   29826    4693   189      0.82%    782042     0.3156
   0    20 omniscient   1716     0          0.00%      806   28505    4710   194      0.82%    753458     0.3041
----------------------------------------------------------------------------------------------------------------
   0    50     memory   1282    12          0.94%     1769   26194    3856   160      0.65%    700632     0.2843
   0    50 omniscient   1329     0          0.00%     1769   25654    3888   161      0.65%    689078     0.2793
----------------------------------------------------------------------------------------------------------------
   0   100     memory    868     5          0.58%     2456   20935    2971   120      0.43%    574226     0.2359
   0   100 omniscient    902     0          0.00%     2510   21056    3099   124      0.41%    580696     0.2380
----------------------------------------------------------------------------------------------------------------
 400     0     memory   1891    19          1.00%        0   31634    4886   203      1.06%    814437     0.3271
 400     0 omniscient   1918     0          0.00%        0   29925    4466   204      1.07%    766168     0.3081
----------------------------------------------------------------------------------------------------------------
 400    20     memory   1493    16          1.07%      749   28356    4694   180      0.84%    748608     0.3025
 400    20 omniscient   1709     0          0.00%      727   26912    4021   188      0.91%    701406     0.2836
----------------------------------------------------------------------------------------------------------------
 400    50     memory   1096    13          1.19%     1468   24599    3436   138      0.72%    648789     0.2646
 400    50 omniscient   1289     0          0.00%     1694   25211    3727   154      0.72%    674743     0.2738
----------------------------------------------------------------------------------------------------------------
 400   100     memory    783     8          1.02%     2107   20631    3038   122      0.51%    562043     0.2319
 400   100 omniscient    887     0          0.00%     2415   21054    2834   121      0.53%    574185     0.2352
----------------------------------------------------------------------------------------------------------------

========================================================================================================================
第 4 节 —— 待检验假说 H1：全知臂相对记忆臂的福利优势随 MOVE_MORT_M 上升
========================================================================================================================
福利用两个指标衡量，**不合成综合分**：
  指标 A：缺粮强度差 = 记忆臂(缺粮/需求) − 全知臂(缺粮/需求)   正值 = 全知臂更好
  指标 B：末期人口差 = 全知臂人口 − 记忆臂人口                 正值 = 全知臂更好

  SIGMA_M = 0
    MORT=0    指标A(缺粮强度差)=-0.049pp   指标B(人口差)=-126
    MORT=20   指标A(缺粮强度差)=+0.001pp   指标B(人口差)=+17
    MORT=50   指标A(缺粮强度差)=+0.005pp   指标B(人口差)=+32
    MORT=100  指标A(缺粮强度差)=+0.024pp   指标B(人口差)=+128
    指标A 单调不减：True    指标B 单调不减：True
    逐种子配对差（用于判断聚合差是否大于种子间离散度）：
      MORT=0    指标A 逐种子 -0.166pp … +0.089pp (正号 3/7) | 指标B 逐种子 -175 … +53 (正号 4/7)
      MORT=20   指标A 逐种子 -0.235pp … +0.164pp (正号 4/7) | 指标B 逐种子 -51 … +92 (正号 2/7)
      MORT=50   指标A 逐种子 -0.293pp … +0.106pp (正号 4/7) | 指标B 逐种子 -211 … +192 (正号 4/7)
      MORT=100  指标A 逐种子 -0.085pp … +0.220pp (正号 5/7) | 指标B 逐种子 -56 … +187 (正号 3/7)

  SIGMA_M = 400
    MORT=0    指标A(缺粮强度差)=-0.011pp   指标B(人口差)=-420
    MORT=20   指标A(缺粮强度差)=-0.071pp   指标B(人口差)=-673
    MORT=50   指标A(缺粮强度差)=-0.001pp   指标B(人口差)=+291
    MORT=100  指标A(缺粮强度差)=-0.021pp   指标B(人口差)=-204
    指标A 单调不减：False    指标B 单调不减：False
    逐种子配对差（用于判断聚合差是否大于种子间离散度）：
      MORT=0    指标A 逐种子 -0.195pp … +0.097pp (正号 4/7) | 指标B 逐种子 -152 … +24 (正号 2/7)
      MORT=20   指标A 逐种子 -0.460pp … +0.056pp (正号 2/7) | 指标B 逐种子 -354 … +11 (正号 1/7)
      MORT=50   指标A 逐种子 -0.160pp … +0.153pp (正号 2/7) | 指标B 逐种子 -90 … +170 (正号 5/7)
      MORT=100  指标A 逐种子 -0.108pp … +0.112pp (正号 2/7) | 指标B 逐种子 -124 … +105 (正号 2/7)

  ---- 判读 ----
  SIGMA_M=0：聚合差的最大绝对值 / 对应档位逐种子半幅 = 0.39（<1 表示聚合差小于种子间离散）；各档正号数 [3, 4, 4, 5]/7
  SIGMA_M=400：聚合差的最大绝对值 / 对应档位逐种子半幅 = 0.27（<1 表示聚合差小于种子间离散）；各档正号数 [4, 2, 2, 2]/7
  => **本配置与本样本未支持 H1。** 两个 SIGMA 档位下，聚合差都小于种子间离散半幅，
     且逐种子符号接近对半，即使 SIGMA_M=0 档的聚合值呈单调，也不能读成支持。
     注意：这是『未支持』，不是『已证伪』——本样本没有分辨力，不是给出了反向结论。

  H1 只是待检验假说，不是正确性断言。不成立时报告『本配置与本样本未支持』，
  不调参追曲线。**H1 不成立不能推出决策无效，也不构成禁止以后研究社会机制的依据。**

  **本轮没有计算噪声地板**（例如同配置下只换种子集合会有多大波动）。因此即使某一档
  出现了单调性，只要聚合差没有明显大于上面那些逐种子离散区间，就不能当成结论——
  只能记为『在本样本上呈现该方向』。要把它变成结论需要更多种子与一个空对照，
  那不属于本切片。

========================================================================================================================
第 5 节 —— 读数须知
========================================================================================================================
  1. **迁移死亡代价适用于所有迁移，不是只惩罚误判。** 因此它同时改变了迁移的收益结构
     与人口规模，不能把它读成"对错误决策的罚款"。
  2. **不要把"死得更多所以缺粮总量下降"读成福利改善。** 这就是为什么主指标用
     缺粮/需求（强度）而不是缺粮总量，并同时报告累计人年——人少了，总需求和总缺粮
     都会跟着少。
  3. 全知对照臂的误判恒为 0 有一部分来自选择规则的定义（它读当年真值，按定义选不错），
     **不把它当福利收益**。福利只看缺粮强度与人口。
  4. "被容量挡"仍占计划再生量的大头（沿用 EXP-02 的口径），资源总量的变化不能
     全部归给决策效应。
  5. 迁移为 0 时误判率记"不可计算(分母0)"，不记 0%。
  6. MORT=0 档是退化档，应与 EXP-02 一致（由 run_tests.py 的 D7 判定，不由本表判定）。
  7. **本实验不检验"决策是否有后果"这一总体命题**，只检验"新增迁移死亡代价如何改变
     不同信息条件下的人口、缺粮与迁移结果"。前者的证据要求远高于本切片。
