========================================================================================================================
第 1 节 —— 逐种子原始整数账（未折算；共 42 行）
========================================================================================================================
seed	sigma	mort	share	aid	aid_events	aid_transfers	aid_kcal	aid_donors	aid_receivers	aid_supply	aid_demand	mig	migdead	births	demodead	pop	bands	need	deficit	py
0	0	50	1000	0	0	0	0	0	0	0	0	186	232	4177	3565	500	20	68950690000	441800407	94453
12345	0	50	1000	0	0	0	0	0	0	0	0	153	204	2938	2487	367	14	48607780000	378190347	66586
777	0	50	1000	0	0	0	0	0	0	0	0	139	181	3463	2913	489	21	57155350000	360376224	78295
4242	0	50	1000	0	0	0	0	0	0	0	0	152	190	3706	3140	496	20	61157210000	376612247	83777
99	0	50	1000	0	0	0	0	0	0	0	0	184	227	4858	4139	612	27	80081730000	479168558	109701
31337	0	50	1000	0	0	0	0	0	0	0	0	202	249	4551	3851	571	25	75363740000	590026423	103238
2026	0	50	1000	0	0	0	0	0	0	0	0	245	283	5078	4330	585	29	84081400000	655563738	115180
0	0	50	1000	250	49	57	32297115	52	54	44997939	112952649	219	274	4189	3559	476	22	69340510000	521739586	94987
12345	0	50	1000	250	27	36	11071286	32	31	15689586	42437539	166	200	2975	2516	379	15	49248720000	383680057	67464
777	0	50	1000	250	31	35	13963841	33	33	18711388	55330391	167	199	3357	2881	397	18	55517230000	410389265	76051
4242	0	50	1000	250	50	65	32392853	57	58	43364245	128168684	158	182	3517	2969	486	19	58069310000	369718447	79547
99	0	50	1000	250	46	64	32427703	57	53	40820036	97076807	200	230	4761	4030	621	27	78499820000	459236805	107534
31337	0	50	1000	250	49	76	32892548	70	55	51200232	124992134	173	210	4291	3644	557	24	70985200000	520464811	97240
2026	0	50	1000	250	42	55	26662442	53	44	35894880	98815690	182	211	3938	3345	502	22	65149580000	469373960	89246
0	0	50	1000	1000	87	122	92135715	108	101	287120827	130599874	247	259	3823	3253	431	21	63317280000	487921111	86736
12345	0	50	1000	1000	39	53	47899483	48	44	93076498	88660836	185	196	2351	2070	205	10	39163770000	422902616	53649
777	0	50	1000	1000	32	34	40279133	33	33	85501625	94262825	150	180	3051	2572	419	18	50428400000	328368707	69080
4242	0	50	1000	1000	66	84	93374173	77	73	266867657	141200358	166	172	3103	2719	332	17	51496390000	451293366	70543
99	0	50	1000	1000	87	166	153533144	132	121	408017249	230778076	208	205	3833	3359	389	20	63393200000	494823200	86840
31337	0	50	1000	1000	63	88	92815951	79	72	215128956	177798696	210	210	4242	3686	466	27	70400470000	611984168	96439
2026	0	50	1000	1000	64	72	79475322	68	68	164700781	121370811	175	205	4510	3786	639	27	74425690000	461224409	101953
0	400	50	1000	0	0	0	0	0	0	0	0	162	217	3768	3149	522	21	62306230000	445746576	85351
12345	400	50	1000	0	0	0	0	0	0	0	0	146	178	3332	2881	393	18	55186540000	445528813	75598
777	400	50	1000	0	0	0	0	0	0	0	0	136	168	2095	1879	168	8	34882320000	370621915	47784
4242	400	50	1000	0	0	0	0	0	0	0	0	162	217	3715	3207	411	18	61536810000	490243102	84297
99	400	50	1000	0	0	0	0	0	0	0	0	200	221	4922	4166	655	29	81192790000	495590702	111223
31337	400	50	1000	0	0	0	0	0	0	0	0	180	189	3466	3005	392	19	57566340000	544732653	78858
2026	400	50	1000	0	0	0	0	0	0	0	0	247	237	4200	3627	456	24	69522280000	523990061	95236
0	400	50	1000	250	19	23	5898745	21	21	7141995	34961479	161	199	3707	3076	552	23	61232400000	407044484	83880
12345	400	50	1000	250	18	21	9779226	19	20	11770474	52545888	139	174	3249	2807	388	17	53741870000	386339693	73619
777	400	50	1000	250	13	16	6609393	13	16	6932726	47175173	116	141	2100	1849	230	10	34815890000	302064847	47693
4242	400	50	1000	250	24	31	13805161	24	31	17543302	49178496	160	188	3418	2928	422	19	56509300000	392567604	77410
99	400	50	1000	250	28	44	13458619	37	35	18276099	58112134	198	217	4760	4040	623	29	78559680000	529667557	107616
31337	400	50	1000	250	40	62	22768362	45	57	30403365	92268911	198	200	3395	2970	345	17	56522440000	577886681	77428
2026	400	50	1000	250	28	50	8989084	43	35	13711169	72817718	186	166	3690	3230	414	22	61148450000	496430503	83765
0	400	50	1000	1000	27	30	33459901	28	29	45824152	77990334	190	226	3603	3050	447	20	59717650000	488887225	81805
12345	400	50	1000	1000	49	58	63127956	53	54	133682074	109063815	150	160	2794	2437	317	15	46381280000	425210269	63536
777	400	50	1000	1000	26	29	33276573	26	29	55822679	80692224	130	151	2018	1804	183	10	33627450000	347950173	46065
4242	400	50	1000	1000	49	59	57470491	56	52	184014749	80571974	153	173	3108	2774	281	15	51603700000	489292380	70690
99	400	50	1000	1000	35	49	54425730	43	41	122098373	106741404	180	204	4772	4026	662	28	78711520000	490559001	107824
31337	400	50	1000	1000	41	77	45098956	63	55	93757670	132553939	161	174	4191	3560	577	24	69214950000	479815449	94815
2026	400	50	1000	1000	46	66	68105718	51	61	147279036	141332435	186	187	3762	3252	443	21	62299660000	502991787	85342

========================================================================================================================
第 2 节 —— 援助本身发生了多少（7 种子合计，300 年）
========================================================================================================================
  注意：**一次多人援助活动**与**一笔转移**不是同一个计数。
   SIGMA  AID_M |     援助活动     逐笔转移      供给方人次      接收方人次         援助总量(人年口粮)         当年预算合计         当年缺口合计      覆盖率
  ----------------------------------------------------------------------------------------------------------------------
       0      0 |        0        0          0          0                0.0            0.0            0.0      不适用
       0    250 |      294      388        354        328              248.9          343.4          903.8    27.5%
       0   1000 |      438      619        545        512              821.3         2082.8         1348.9    60.9%
     400      0 |        0        0          0          0                0.0            0.0            0.0      不适用
     400    250 |      170      247        202        215              111.4          144.9          557.6    20.0%
     400   1000 |      273      368        320        321              486.3         1071.9          998.6    48.7%

========================================================================================================================
第 3 节 —— 结果读数（7 种子合计）
========================================================================================================================
   SIGMA  AID_M |      缺粮/需求       累计缺粮(人年)      出生      原死亡     迁移死亡     迁移     末人口    群体       累计人年
  ----------------------------------------------------------------------------------------------------------------------
       0      0 |     0.690%         4495.5   28771    24425     1566   1261    3620   156     651230
       0    250 |     0.702%         4294.0   27028    22944     1506   1265    3418   147     612069
       0   1000 |     0.790%         4463.7   24913    21445     1427   1341    2881   140     565240
     400      0 |     0.786%         4543.1   25498    21914     1427   1233    2997   137     578347
     400    250 |     0.768%         4235.6   24319    20900     1285   1158    2974   137     551411
     400   1000 |     0.803%         4417.4   24248    20903     1275   1150    2910   133     550077

========================================================================================================================
第 4 节 —— 同种子配对比较（AID_M=0 作基线，不跨种子平均）
========================================================================================================================
  SIGMA_M = 0
        seed |                    缺粮强度 0/250/1000 |             末人口 0/250/1000 |                  累计人年 0/250/1000
           0 |           0.641% / 0.752% / 0.771% |            500 / 476 / 431 |            94453 / 94987 / 86736
       12345 |           0.778% / 0.779% / 1.080% |            367 / 379 / 205 |            66586 / 67464 / 53649
         777 |           0.631% / 0.739% / 0.651% |            489 / 397 / 419 |            78295 / 76051 / 69080
        4242 |           0.616% / 0.637% / 0.876% |            496 / 486 / 332 |            83777 / 79547 / 70543
          99 |           0.598% / 0.585% / 0.781% |            612 / 621 / 389 |          109701 / 107534 / 86840
       31337 |           0.783% / 0.733% / 0.869% |            571 / 557 / 466 |           103238 / 97240 / 96439
        2026 |           0.780% / 0.720% / 0.620% |            585 / 502 / 639 |          115180 / 89246 / 101953
  SIGMA_M = 400
        seed |                    缺粮强度 0/250/1000 |             末人口 0/250/1000 |                  累计人年 0/250/1000
           0 |           0.715% / 0.665% / 0.819% |            522 / 552 / 447 |            85351 / 83880 / 81805
       12345 |           0.807% / 0.719% / 0.917% |            393 / 388 / 317 |            75598 / 73619 / 63536
         777 |           1.062% / 0.868% / 1.035% |            168 / 230 / 183 |            47784 / 47693 / 46065
        4242 |           0.797% / 0.695% / 0.948% |            411 / 422 / 281 |            84297 / 77410 / 70690
          99 |           0.610% / 0.674% / 0.623% |            655 / 623 / 662 |         111223 / 107616 / 107824
       31337 |           0.946% / 1.022% / 0.693% |            392 / 345 / 577 |            78858 / 77428 / 94815
        2026 |           0.754% / 0.812% / 0.807% |            456 / 414 / 443 |            95236 / 83765 / 85342

========================================================================================================================
第 5 节 —— 读数须知
========================================================================================================================
  1. **不把"援助一定增加长期人口"设成结论。** 这一节只给原始读数，方向不符合预想也照样保留，
     不调参、不制造灾荒去强行触发援助。
  2. 援助在自然运行里**很稀少**：同格既有余粮者又有缺粮者，本身只在个位数百分比的 tick 上出现
     （见 probes/EXP-05-FEASIBILITY.txt）。所以援助总量相对全局需求是很小的一个数，
     读数差异里有多少来自援助、有多少来自它触发的连锁（谁活下来、谁去了哪一格），本轮**没有分离**。
  3. 覆盖率 = 援助总量 / 当年缺口合计，只统计**发生过援助的格**里的缺口，不是全局缺粮率。
  4. 一次多人援助活动（aid_events）与一笔转移（aid_transfers）是两个计数，不要混用。
  5. 继承 EXP-01~04 的全部已知限制：迁移储存损失结构性恒为零、默认样本无灭绝、
     多数假设为 D 级、跨版本存档兼容与人口学标定都没有做过。
