========================================================================================================================
第 1 节 —— 逐种子原始整数账（未折算；共 42 行）
========================================================================================================================
seed	sigma	recip	aid_events	aid_transfers	aid_kcal	recip_kcal	recip_transfers	recip_changed	repay_kcal	repay_transfers	mutual	dangling	amem_entries	dropped	mig	migdead	births	demodead	pop	bands	need	deficit	py
0	0	0	87	122	92135715	0	0	0	3587490	14	9	0	29	0	247	259	3823	3253	431	21	63317280000	487921111	86736
12345	0	0	39	53	47899483	0	0	0	27858954	23	8	0	20	0	185	196	2351	2070	205	10	39163770000	422902616	53649
777	0	0	32	34	40279133	0	0	0	22705740	20	4	0	12	0	150	180	3051	2572	419	18	50428400000	328368707	69080
4242	0	0	66	84	93374173	0	0	0	25870992	31	7	0	24	0	166	172	3103	2719	332	17	51496390000	451293366	70543
99	0	0	87	166	153533144	0	0	0	39692832	51	12	0	44	0	208	205	3833	3359	389	20	63393200000	494823200	86840
31337	0	0	63	88	92815951	0	0	0	13635734	26	8	0	29	0	210	210	4242	3686	466	27	70400470000	611984168	96439
2026	0	0	64	72	79475322	0	0	0	17771709	24	6	0	24	0	175	205	4510	3786	639	27	74425690000	461224409	101953
0	0	500	91	109	102495045	20449478	22	2	25575306	33	4	0	18	0	226	265	4040	3460	435	21	66930780000	550834834	91686
12345	0	500	39	70	47709611	20515474	22	3	29929892	39	8	0	20	0	189	199	2353	2073	201	10	39201000000	427828602	53700
777	0	500	32	50	40279133	13241786	20	0	22705740	36	4	0	12	0	150	180	3051	2572	419	18	50428400000	328368707	69080
4242	0	500	81	116	119646699	35556598	42	7	42189177	59	7	0	22	0	190	203	3219	2812	324	17	53442570000	475498378	73209
99	0	500	72	148	144918286	32425678	42	20	40080597	64	12	0	43	0	215	215	3909	3421	393	21	64753920000	532087356	88704
31337	0	500	79	116	119663306	34991392	34	4	47077743	55	7	0	31	0	203	215	4143	3578	470	24	68685700000	569023050	94090
2026	0	500	64	84	79642852	15106403	24	2	18277350	36	6	0	24	0	175	205	4510	3786	639	27	74425690000	461224409	101953
0	0	1000	91	98	102495045	25575306	22	2	25575306	22	4	0	18	0	226	265	4040	3460	435	21	66930780000	550834834	91686
12345	0	1000	41	60	48540702	31867811	29	5	31875433	31	9	0	21	0	186	193	2316	2083	160	10	38695840000	463197634	53008
777	0	1000	32	34	40279133	22705740	20	0	22705740	20	4	0	12	0	150	180	3051	2572	419	18	50428400000	328368707	69080
4242	0	1000	82	96	121072164	40763556	38	6	40763556	38	6	0	19	0	178	194	3228	2803	351	17	53530170000	449354050	73329
99	0	1000	62	102	136310637	40898500	37	14	40898500	37	11	0	41	0	178	190	3960	3461	429	21	65496330000	495523791	89721
31337	0	1000	65	87	94654378	27441236	36	9	28077654	39	10	0	26	0	217	222	4002	3479	421	23	66443140000	606868313	91018
2026	0	1000	64	71	79832564	18584570	24	2	18584570	24	6	0	24	0	175	205	4510	3786	639	27	74424230000	463655881	101951
0	400	0	27	30	33459901	0	0	0	5213519	6	3	0	12	0	190	226	3603	3050	447	20	59717650000	488887225	81805
12345	400	0	49	58	63127956	0	0	0	24055817	21	3	0	12	0	150	160	2794	2437	317	15	46381280000	425210269	63536
777	400	0	26	29	33276573	0	0	0	8715712	8	3	0	8	0	130	151	2018	1804	183	10	33627450000	347950173	46065
4242	400	0	49	59	57470491	0	0	0	19696852	26	5	0	15	0	153	173	3108	2774	281	15	51603700000	489292380	70690
99	400	0	35	49	54425730	0	0	0	12364919	11	5	0	20	0	180	204	4772	4026	662	28	78711520000	490559001	107824
31337	400	0	41	77	45098956	0	0	0	5867571	15	4	0	21	0	161	174	4191	3560	577	24	69214950000	479815449	94815
2026	400	0	46	66	68105718	0	0	0	8378960	6	4	0	25	0	186	187	3762	3252	443	21	62299660000	502991787	85342
0	400	500	27	35	33459901	3844419	6	1	5213519	11	3	0	12	0	190	226	3603	3050	447	20	59717650000	488887225	81805
12345	400	500	49	72	63128545	16439662	21	1	24515285	35	3	0	12	0	150	160	2794	2437	317	15	46381280000	425210269	63536
777	400	500	24	36	32380478	5332568	9	4	9147732	15	2	0	7	0	120	142	2050	1822	206	10	34107060000	329686292	46722
4242	400	500	48	65	57944824	11949929	18	7	16216054	27	4	0	14	0	153	173	3108	2774	281	15	51611730000	488491160	70701
99	400	500	35	57	55655760	8726578	11	3	13646459	19	5	0	20	0	180	204	4773	4028	661	28	78718090000	489911617	107833
31337	400	500	40	80	44440069	5757237	21	10	7388024	29	4	0	21	0	169	177	4141	3532	552	24	68466700000	500712136	93790
2026	400	500	46	71	68565520	5318925	6	3	8733820	11	4	0	25	0	186	187	3761	3252	442	21	62298930000	502042477	85341
0	400	1000	27	31	33459901	5175673	6	1	5213519	7	3	0	12	0	190	226	3603	3050	447	20	59717650000	488887225	81805
12345	400	1000	49	57	63128546	24517539	21	1	24517539	21	3	0	12	0	150	160	2794	2437	317	15	46381280000	425210269	63536
777	400	1000	23	28	36007067	11641751	11	3	11641751	11	3	0	8	0	122	148	2088	1874	186	10	34791800000	365891293	47660
4242	400	1000	50	57	57789662	16134683	16	4	16134683	16	3	0	13	0	153	173	3109	2774	282	15	51600780000	490168136	70686
99	400	1000	36	51	56497310	7128395	9	4	7164835	10	5	0	20	0	180	204	4773	4027	662	28	78722470000	491515879	107839
31337	400	1000	37	65	37275417	7060148	22	11	7592001	23	5	0	19	0	170	179	4125	3523	543	24	68211200000	506331508	93440
2026	400	1000	48	69	70831272	9550860	8	4	9550860	8	6	0	27	0	189	191	3762	3250	441	21	62319370000	499725229	85369

========================================================================================================================
第 2 节 —— 援助 / 回助 / 关系（7 种子合计，300 年）
========================================================================================================================
  回助 = 供给方**记得对方帮过自己**的那些转移；RECIP_M=0 时它仍可能发生，那是**碰巧**。
  分配改变 = 同一份援助前状态下把 RECIP_M 换成 0 再算一遍、结果不同的'格×年'次数，
             这才是'优先规则真的改变了分配'的直接计数。
   SIGMA  RECIP |     援助活动     援助笔数         援助总量     优先笔数         优先总量     回助笔数         回助总量     分配改变     重复往来
  ----------------------------------------------------------------------------------------------------------------------
       0      0 |      438      619       821.3人年        0         0.0人年      189       207.0人年        0       54
       0    500 |      458      693       896.4人年      206       236.0人年      322       309.4人年       38       48
       0   1000 |      437      548       853.7人年      206       284.7人年      211       285.6人年       38       50
     400      0 |      273      368       486.3人年        0         0.0人年       93       115.5人年        0       27
     400    500 |      269      416       487.1人年       92        78.6人年      147       116.2人年       29       25
     400   1000 |      270      358       486.3人年       93       111.2人年       96       112.1人年       28       28

========================================================================================================================
第 3 节 —— 记忆状态（7 种子合计，末年）
========================================================================================================================
   SIGMA  RECIP |       在世记忆条目        指向已消失群体        随消失丢失
  ------------------------------------------------------------
       0      0 |          182              0            0
       0    500 |          170              0            0
       0   1000 |          161              0            0
     400      0 |          113              0            0
     400    500 |          111              0            0
     400   1000 |          111              0            0

========================================================================================================================
第 4 节 —— 结果读数（7 种子合计）
========================================================================================================================
   SIGMA  RECIP |      缺粮/需求      出生      原死亡     迁移死亡     迁移     末人口    群体       累计人年
  ----------------------------------------------------------------------------------------------------
       0      0 |     0.790%   24913    21445     1427   1341    2881   140     565240
       0    500 |     0.800%   25225    21702     1482   1348    2881   138     572422
       0   1000 |     0.807%   25107    21644     1449   1310    2854   137     569793
     400      0 |     0.803%   24248    20903     1275   1150    2910   133     550077
     400    500 |     0.804%   24230    20895     1269   1148    2906   133     549728
     400   1000 |     0.813%   24254    20935     1281   1154    2878   133     550335

========================================================================================================================
第 5 节 —— 同种子配对比较（RECIP_M=0 作基线，不跨种子平均）
========================================================================================================================
  SIGMA_M = 0
        seed |                    缺粮强度 0/500/1000 |           末人口 0/500/1000 |        分配改变 0/500/1000
           0 |           0.771% / 0.823% / 0.823% |          431 / 435 / 435 |              0 / 2 / 2
       12345 |           1.080% / 1.091% / 1.197% |          205 / 201 / 160 |              0 / 3 / 5
         777 |           0.651% / 0.651% / 0.651% |          419 / 419 / 419 |              0 / 0 / 0
        4242 |           0.876% / 0.890% / 0.839% |          332 / 324 / 351 |              0 / 7 / 6
          99 |           0.781% / 0.822% / 0.757% |          389 / 393 / 429 |            0 / 20 / 14
       31337 |           0.869% / 0.828% / 0.913% |          466 / 470 / 421 |              0 / 4 / 9
        2026 |           0.620% / 0.620% / 0.623% |          639 / 639 / 639 |              0 / 2 / 2
  SIGMA_M = 400
        seed |                    缺粮强度 0/500/1000 |           末人口 0/500/1000 |        分配改变 0/500/1000
           0 |           0.819% / 0.819% / 0.819% |          447 / 447 / 447 |              0 / 1 / 1
       12345 |           0.917% / 0.917% / 0.917% |          317 / 317 / 317 |              0 / 1 / 1
         777 |           1.035% / 0.967% / 1.052% |          183 / 206 / 186 |              0 / 4 / 3
        4242 |           0.948% / 0.946% / 0.950% |          281 / 281 / 282 |              0 / 7 / 4
          99 |           0.623% / 0.622% / 0.624% |          662 / 661 / 662 |              0 / 3 / 4
       31337 |           0.693% / 0.731% / 0.742% |          577 / 552 / 543 |            0 / 10 / 11
        2026 |           0.807% / 0.806% / 0.802% |          443 / 442 / 441 |              0 / 3 / 4

========================================================================================================================
第 6 节 —— 读数须知
========================================================================================================================
  1. **不把"优先回助一定带来改善"设成结论。** 本节只给原始读数；没触发或没有明显改善
     就如实保留，不调参、不强造关系或联盟。
  2. **回助 ≠ 优先规则起作用**。RECIP_M=0 时回助笔数照样不为零（供给方碰巧就是旧伙伴），
     所以判断"规则是否真的改变了分配"只能看**分配改变**这一列。
  3. 记忆是**本轮的模型假设**：只由实际转移累加、子群体不继承、群体消失时自己的记忆丢失
     （已记账）而别人对它的记忆保留。这些不是现实历史定律。
  4. 援助本身在自然运行里就稀少（见 EXP-05），优先回助是在这个稀少事件上再加一层条件，
     所以样本量很小，**不做趋势推断**。
  5. 继承 EXP-01～05 的全部已知限制。
